Classes: ['Dubai', 'New York City', 'Paris', 'Rio de Janeiro']
Dubai: 0.2578723404255319
New York City: 0.251063829787234
Paris: 0.24680851063829787
Rio de Janeiro: 0.24425531914893617
Mean:
Dubai: [-0.086604932293599, -0.07382819925935236, 0.3102478982371882, -0.48417444240810625, 0.697604874129562, 0.3402145994597691, -0.1932357224308566, 0.5214521452145214, 0.768976897689769, 0.3333333333333333, 0.22772277227722773, 0.8393462008413498, -0.46151296842816336, -0.8787503190138238, -0.37075334754028316, -0.26611950228256126, 0.5974474992302539]
New York City: [0.47879428806514246, 0.7210774057584167, -0.18359765267478287, -0.08272458124042138, -0.9633427786761171, 0.14429054905645836, 0.4185179053439172, 0.6474576271186441, 0.7864406779661017, 0.559322033898305, 0.5898305084745763, 0.6530425816497862, -0.30198705949947413, -0.17953140863519265, -0.4670140215423457, -0.3017414039277463, 0.6752733517176025]
Paris: [0.35031510185596443, -0.13744542625750525, 0.42286126261241763, -0.22507266759730488, -0.598552836355503, -0.21621799434050792, 0.09004043647414933, 0.8827586206896552, 0.4793103448275862, 0.3137931034482759, 0.1206896551724138, -0.5279479058726395, -0.17551806112819449, 0.72849832705898, -0.15742476803218294, 0.7192064443821031, -0.3755101344221433]
Rio de Janeiro: [-0.7774522422328772, -0.5427740700569262, -0.5137868070160542, 0.8172449817332857, 0.8739259874558264, -0.16725244039591, -0.31917881751332505, 0.5714285714285714, 0.8501742160278746, 0.3205574912891986, 0.08362369337979095, -0.9565146148263521, 0.9858676350865714, 0.29613799383010864, 0.9781789084316773, -0.2713158274297205, -0.8968677031070623]
Variance:
Dubai: [0.7144512837873174, 0.8588060188674048, 0.8023557047600269, 0.834017664212771, 0.3724374386249788, 0.8911714764213859, 0.7838596658598918, 0.24953980546569507, 0.17765142850918755, 0.22222222222222227, 0.17586511126360163, 0.2987046352209401, 0.5752661621214707, 0.5471149793660963, 0.6154254378739058, 0.9121257095361878, 0.5123307956004733]
New York City: [0.6857385855637116, 0.7042016374216266, 1.0373905259981064, 0.9958110984920037, 0.4795115908459564, 1.4408619842018715, 1.3599914975518055, 0.2282562482045389, 0.16795173800632002, 0.2464808962941683, 0.2419304797471991, 0.4549523477684558, 0.767456654727492, 0.8264423669873993, 0.7607583668632514, 0.8236881242002979, 0.7473857888600661]
Paris: [0.6689749593678104, 0.8721287725322165, 0.7272277482689306, 0.802581140630682, 0.3149205550698433, 0.761246162333032, 0.8994487074910813, 0.10349583828775269, 0.24957193816884665, 0.21532699167657549, 0.10612366230677765, 0.6078016632743445, 0.734584708471186, 0.7253072780528474, 0.6497506043456206, 0.9086434135373922, 0.6235613518542854]
Rio de Janeiro: [1.038402177785732, 0.7884483190769102, 0.8052689153049787, 0.5068539317271463, 0.2941398032319063, 0.6999810607382377, 0.6747275796238028, 0.24489795918367344, 0.12737801842926344, 0.21780038606757393, 0.07663077128531368, 0.33302015763020293, 0.6111502454918455, 0.5584707320264374, 0.6617535089962868, 0.6608656578008707, 0.42720323413555905]
